A = [
    19  -1  -58
    -22 -24 42
    -11 11  44
    -9  20  47
];

b = [
    -79
    16
    77
    96
];

c = [
    11
    62
    -89
    59
];