A = [
    1 0 3
    1 -1 -3
    -4 1 -1
];
b = [
    5
    -15
    15
];

A\b