% As
% S
% H
% N
% O

format rat

As_2S_3 = [
    2
    3
    0
    0   
    0
];

HNO_3 = [
    0
    0
    1
    1
    3
];

H_2O = [
    0
    0
    2
    0
    1
];

% -> 

H_3AsO_4 = [
    -1
    0
    -3
    0
    -4
];

H_2SO_4 = [
    0
    -1
    -2
    0
    -4
];

NO = [
    0
    0
    0
    -1
    -1
];

b = [
    0
    0
    0
    0
    0
];

A = [As_2S_3 HNO_3 H_2O H_3AsO_4 H_2SO_4 NO];

